(0.000000,-1.000000)(0.500000,-0.999229)
(1.000000,-0.996917)(1.500000,-0.993068)
(2.000000,-0.987688)(2.500000,-0.980785)
(3.000000,-0.972370)(3.500000,-0.962455)
(4.000000,-0.951057)(4.500000,-0.938191)
(5.000000,-0.923880)(5.500000,-0.908143)
(6.000000,-0.891007)(6.500000,-0.872496)
(7.000000,-0.852640)(7.500000,-0.831470)
(8.000000,-0.809017)(8.500000,-0.785317)
(9.000000,-0.760406)(9.500000,-0.734323)
(10.000000,-0.707107)(10.500000,-0.678801)
(11.000000,-0.649448)(11.500000,-0.619094)
(12.000000,-0.587785)(12.500000,-0.555570)
(13.000000,-0.522499)(13.500000,-0.488621)
(14.000000,-0.453990)(14.500000,-0.418660)
(15.000000,-0.382683)(15.500000,-0.346117)
(16.000000,-0.309017)(16.500000,-0.271440)
(17.000000,-0.233445)(17.500000,-0.195090)
(18.000000,-0.156434)(18.500000,-0.117537)
(19.000000,-0.078459)(19.500000,-0.039260)
(20.000000,0.000000)(20.500000,0.039260)
(21.000000,0.078459)(21.500000,0.117537)
(22.000000,0.156434)(22.500000,0.195090)
(23.000000,0.233445)(23.500000,0.271440)
(24.000000,0.309017)(24.500000,0.346117)
(25.000000,0.382683)(25.500000,0.418660)
(26.000000,0.453990)(26.500000,0.488621)
(27.000000,0.522499)(27.500000,0.555570)
(28.000000,0.587785)(28.500000,0.619094)
(29.000000,0.649448)(29.500000,0.678801)
(30.000000,0.707107)(30.500000,0.734323)
(31.000000,0.760406)(31.500000,0.785317)
(32.000000,0.809017)(32.500000,0.831470)
(33.000000,0.852640)(33.500000,0.872496)
(34.000000,0.891007)(34.500000,0.908143)
(35.000000,0.923880)(35.500000,0.938191)
(36.000000,0.951057)(36.500000,0.962455)
(37.000000,0.972370)(37.500000,0.980785)
(38.000000,0.987688)(38.500000,0.993068)
(39.000000,0.996917)(39.500000,0.999229)
(40.000000,1.000000)(40.500000,0.999229)
(41.000000,0.996917)(41.500000,0.993068)
(42.000000,0.987688)(42.500000,0.980785)
(43.000000,0.972370)(43.500000,0.962455)
(44.000000,0.951057)(44.500000,0.938191)
(45.000000,0.923880)(45.500000,0.908143)
(46.000000,0.891007)(46.500000,0.872496)
(47.000000,0.852640)(47.500000,0.831470)
(48.000000,0.809017)(48.500000,0.785317)
(49.000000,0.760406)(49.500000,0.734323)
(50.000000,0.707107)(50.500000,0.678801)
(51.000000,0.649448)(51.500000,0.619094)
(52.000000,0.587785)(52.500000,0.555570)
(53.000000,0.522499)(53.500000,0.488621)
(54.000000,0.453990)(54.500000,0.418660)
(55.000000,0.382683)(55.500000,0.346117)
(56.000000,0.309017)(56.500000,0.271440)
(57.000000,0.233445)(57.500000,0.195090)
(58.000000,0.156434)(58.500000,0.117537)
(59.000000,0.078459)(59.500000,0.039260)
(60.000000,-0.000000)(60.500000,-0.039260)
(61.000000,-0.078459)(61.500000,-0.117537)
(62.000000,-0.156434)(62.500000,-0.195090)
(63.000000,-0.233445)(63.500000,-0.271440)
(64.000000,-0.309017)(64.500000,-0.346117)
(65.000000,-0.382683)(65.500000,-0.418660)
(66.000000,-0.453990)(66.500000,-0.488621)
(67.000000,-0.522499)(67.500000,-0.555570)
(68.000000,-0.587785)(68.500000,-0.619094)
(69.000000,-0.649448)(69.500000,-0.678801)
(70.000000,-0.707107)(70.500000,-0.734323)
(71.000000,-0.760406)(71.500000,-0.785317)
(72.000000,-0.809017)(72.500000,-0.831470)
(73.000000,-0.852640)(73.500000,-0.872496)
(74.000000,-0.891007)(74.500000,-0.908143)
(75.000000,-0.923880)(75.500000,-0.938191)
(76.000000,-0.951057)(76.500000,-0.962455)
(77.000000,-0.972370)(77.500000,-0.980785)
(78.000000,-0.987688)(78.500000,-0.993068)
(79.000000,-0.996917)(79.500000,-0.999229)
(80.000000,-1.000000)(80.500000,-0.999229)
(81.000000,-0.996917)(81.500000,-0.993068)
(82.000000,-0.987688)(82.500000,-0.980785)
(83.000000,-0.972370)(83.500000,-0.962455)
(84.000000,-0.951057)(84.500000,-0.938191)
(85.000000,-0.923880)(85.500000,-0.908143)
(86.000000,-0.891007)(86.500000,-0.872496)
(87.000000,-0.852640)(87.500000,-0.831470)
(88.000000,-0.809017)(88.500000,-0.785317)
(89.000000,-0.760406)(89.500000,-0.734323)
(90.000000,-0.707107)(90.500000,-0.678801)
(91.000000,-0.649448)(91.500000,-0.619094)
(92.000000,-0.587785)(92.500000,-0.555570)
(93.000000,-0.522499)(93.500000,-0.488621)
(94.000000,-0.453990)(94.500000,-0.418660)
(95.000000,-0.382683)(95.500000,-0.346117)
(96.000000,-0.309017)(96.500000,-0.271440)
(97.000000,-0.233445)(97.500000,-0.195090)
(98.000000,-0.156434)(98.500000,-0.117537)
(99.000000,-0.078459)(99.500000,-0.039260)
(100.000000,0.000000)(100.500000,0.039260)
(101.000000,0.078459)(101.500000,0.117537)
(102.000000,0.156434)(102.500000,0.195090)
(103.000000,0.233445)(103.500000,0.271440)
(104.000000,0.309017)(104.500000,0.346117)
(105.000000,0.382683)(105.500000,0.418660)
(106.000000,0.453990)(106.500000,0.488621)
(107.000000,0.522499)(107.500000,0.555570)
(108.000000,0.587785)(108.500000,0.619094)
(109.000000,0.649448)(109.500000,0.678801)
(110.000000,0.707107)(110.500000,0.734323)
(111.000000,0.760406)(111.500000,0.785317)
(112.000000,0.809017)(112.500000,0.831470)
(113.000000,0.852640)(113.500000,0.872496)
(114.000000,0.891007)(114.500000,0.908143)
(115.000000,0.923880)(115.500000,0.938191)
(116.000000,0.951057)(116.500000,0.962455)
(117.000000,0.972370)(117.500000,0.980785)
(118.000000,0.987688)(118.500000,0.993068)
(119.000000,0.996917)(119.500000,0.999229)
(120.000000,1.000000)(120.500000,0.999229)
(121.000000,0.996917)(121.500000,0.993068)
(122.000000,0.987688)(122.500000,0.980785)
(123.000000,0.972370)(123.500000,0.962455)
(124.000000,0.951057)(124.500000,0.938191)
(125.000000,0.923880)(125.500000,0.908143)
(126.000000,0.891007)(126.500000,0.872496)
(127.000000,0.852640)(127.500000,0.831470)
(128.000000,0.809017)(128.500000,0.785317)
(129.000000,0.760406)(129.500000,0.734323)
(130.000000,0.707107)(130.500000,0.678801)
(131.000000,0.649448)(131.500000,0.619094)
(132.000000,0.587785)(132.500000,0.555570)
(133.000000,0.522499)(133.500000,0.488621)
(134.000000,0.453990)(134.500000,0.418660)
(135.000000,0.382683)(135.500000,0.346117)
(136.000000,0.309017)(136.500000,0.271440)
(137.000000,0.233445)(137.500000,0.195090)
(138.000000,0.156434)(138.500000,0.117537)
(139.000000,0.078459)(139.500000,0.039260)
(140.000000,0.000000)(140.500000,-0.039260)
(141.000000,-0.078459)(141.500000,-0.117537)
(142.000000,-0.156434)(142.500000,-0.195090)
(143.000000,-0.233445)(143.500000,-0.271440)
(144.000000,-0.309017)(144.500000,-0.346117)
(145.000000,-0.382683)(145.500000,-0.418660)
(146.000000,-0.453990)(146.500000,-0.488621)
(147.000000,-0.522499)(147.500000,-0.555570)
(148.000000,-0.587785)(148.500000,-0.619094)
(149.000000,-0.649448)(149.500000,-0.678801)
